 sqrt(88.11818) = 9.38713
 pow(2.06991, 1.25205) = 2.48649
 sin(0.74656) = 0.67912
 sqrt(47.08334) = 6.86173
 pow(5.91048, 2.18440) = 48.47695
 sin(5.37961) = -0.78554
 sqrt(43.81883) = 6.61958
 sin(3.14537) = -0.00378
 pow(1.03118, 2.70600) = 1.08664
 sin(0.56123) = 0.53222
 sqrt(47.83352) = 6.91618
 pow(9.39603, 1.36331) = 21.20436
 sqrt(88.13451) = 9.38800
 pow(4.34379, 2.52148) = 40.58575
 sin(0.53179) = 0.50708
